+----------+------------+------------+
|  alpha   |     z1     |     z2     |
+----------+------------+------------+
|   -10.00 |     4.6876 |     4.6876 |
|    -9.50 |     1.1630 |     1.1630 |
|    -9.00 |     0.3771 |     0.3771 |
|    -8.50 |    -0.1403 |    -0.1403 |
|    -8.00 |    -0.7436 |    -0.7436 |
|    -7.50 |    -2.1723 |    -2.1723 |
|    -7.00 |    14.5579 |    14.5579 |
|    -6.50 |     1.5650 |     1.5650 |
|    -6.00 |     0.5492 |     0.5492 |
|    -5.50 |     0.0022 |     0.0022 |
|    -5.00 |    -0.5434 |    -0.5434 |
|    -4.50 |    -1.5499 |    -1.5499 |
|    -4.00 |   -13.6726 |   -13.6726 |
|    -3.50 |     2.1979 |     2.1979 |
|    -3.00 |     0.7505 |     0.7505 |
|    -2.50 |     0.1448 |     0.1448 |
|    -2.00 |    -0.3721 |    -0.3721 |
|    -1.50 |    -1.1527 |    -1.1527 |
|    -1.00 |    -4.5880 |    -4.5880 |
|    -0.90 |    -8.6876 |    -8.6876 |
|    -0.80 |   -68.4797 |   -68.4797 |
|    -0.70 |    11.6814 |    11.6814 |
|    -0.60 |     5.3319 |     5.3319 |
|    -0.50 |     3.4082 |     3.4082 |
|    -0.40 |     2.4650 |     2.4650 |
|    -0.30 |     1.8958 |     1.8958 |
|    -0.20 |     1.5085 |     1.5085 |
|    -0.10 |     1.2230 |     1.2230 |
|     0.00 |     1.0000 |     1.0000 |
|     0.10 |     0.8176 |     0.8176 |
|     0.20 |     0.6629 |     0.6629 |
|     0.30 |     0.5275 |     0.5275 |
|     0.40 |     0.4057 |     0.4057 |
|     0.50 |     0.2934 |     0.2934 |
|     0.60 |     0.1876 |     0.1876 |
|     0.70 |     0.0856 |     0.0856 |
|     0.80 |    -0.0146 |    -0.0146 |
|     0.90 |    -0.1151 |    -0.1151 |
|     1.00 |    -0.2180 |    -0.2180 |
|     1.50 |    -0.8676 |    -0.8676 |
|     2.00 |    -2.6877 |    -2.6877 |
|     2.50 |     6.9058 |     6.9058 |
|     3.00 |     1.3325 |     1.3325 |
|     3.50 |     0.4550 |     0.4550 |
|     4.00 |    -0.0731 |    -0.0731 |
|     4.50 |    -0.6452 |    -0.6452 |
|     5.00 |    -1.8402 |    -1.8402 |
|     5.50 |   451.9039 |   451.9039 |
|     6.00 |     1.8209 |     1.8209 |
|     6.50 |     0.6390 |     0.6390 |
|     7.00 |     0.0687 |     0.0687 |
|     7.50 |    -0.4603 |    -0.4603 |
|     8.00 |    -1.3448 |    -1.3448 |
|     8.50 |    -7.1281 |    -7.1281 |
|     9.00 |     2.6517 |     2.6517 |
|     9.50 |     0.8598 |     0.8598 |
|    10.00 |     0.2133 |     0.2133 |
|    11.00 |    -1.0089 |    -1.0089 |
|    12.00 |     4.4924 |     4.4924 |
|    13.00 |     0.3670 |     0.3670 |
|    14.00 |    -0.7574 |    -0.7574 |
|    15.00 |    12.8883 |    12.8883 |
|    16.00 |     0.5377 |     0.5377 |
+----------+------------+------------+
